4 41 140 220 500 360 9330 9331 9332 9333 stats-4-41.csv
83 7 140 220 500 360 9340 9341 9342 9343 stats-83-7.csv
98 10 140 220 500 360 9350 9351 9352 9353 stats-98-10.csv
59 49 140 220 500 360 9360 9361 9362 9363 stats-59-49.csv
32 22 140 220 500 360 9370 9371 9372 9373 stats-32-22.csv
12 55 140 220 500 360 9380 9381 9382 9383 stats-12-55.csv
32 4 140 220 500 360 9390 9391 9392 9393 stats-32-4.csv
100 12 140 220 500 360 9400 9401 9402 9403 stats-100-12.csv
79 46 140 220 500 360 9410 9411 9412 9413 stats-79-46.csv
65 23 140 220 500 360 9420 9421 9422 9423 stats-65-23.csv
39 59 140 220 500 360 9430 9431 9432 9433 stats-39-59.csv
37 7 140 220 500 360 9440 9441 9442 9443 stats-37-7.csv
98 20 140 220 500 360 9450 9451 9452 9453 stats-98-20.csv
2 20 140 220 500 360 9460 9461 9462 9463 stats-2-20.csv
10 55 140 220 500 360 9470 9471 9472 9473 stats-10-55.csv
86 60 140 220 500 360 9480 9481 9482 9483 stats-86-60.csv
69 13 140 220 500 360 9490 9491 9492 9493 stats-69-13.csv
