6 13 140 220 500 360 9000 9001 9002 9003 stats-6-13.csv
6 6 140 220 500 360 9010 9011 9012 9013 stats-6-6.csv
22 11 140 220 500 360 9020 9021 9022 9023 stats-22-11.csv
24 4 140 220 500 360 9030 9031 9032 9033 stats-24-4.csv
9 14 140 220 500 360 9040 9041 9042 9043 stats-9-14.csv
27 9 140 220 500 360 9050 9051 9052 9053 stats-27-9.csv
19 11 140 220 500 360 9060 9061 9062 9063 stats-19-11.csv
5 17 140 220 500 360 9070 9071 9072 9073 stats-5-17.csv
6 9 140 220 500 360 9080 9081 9082 9083 stats-6-9.csv
24 14 140 220 500 360 9090 9091 9092 9093 stats-24-14.csv
47 58 140 220 500 360 9000 9001 9002 9003 stats-47-58.csv
48 53 140 220 500 360 9010 9011 9012 9013 stats-48-53.csv
51 32 140 220 500 360 9020 9021 9022 9023 stats-51-32.csv
41 3 140 220 500 360 9030 9031 9032 9033 stats-41-3.csv
48 47 140 220 500 360 9040 9041 9042 9043 stats-48-47.csv
43 19 140 220 500 360 9050 9051 9052 9053 stats-43-19.csv
45 13 140 220 500 360 9060 9061 9062 9063 stats-45-13.csv
24 46 140 220 500 360 9070 9071 9072 9073 stats-24-46.csv
53 58 140 220 500 360 9080 9081 9082 9083 stats-53-58.csv
17 5 140 220 500 360 9090 9091 9092 9093 stats-17-5.csv
45 25 140 220 500 360 9100 9101 9102 9103 stats-45-25.csv
19 16 140 220 500 360 9110 9111 9112 9113 stats-19-16.csv
3 56 140 220 500 360 9120 9121 9122 9123 stats-3-56.csv
20 3 140 220 500 360 9130 9131 9132 9133 stats-20-3.csv
81 44 140 220 500 360 9140 9141 9142 9143 stats-81-44.csv
67 30 140 220 500 360 9150 9151 9152 9153 stats-67-30.csv
37 47 140 220 500 360 9160 9161 9162 9163 stats-37-47.csv
77 41 140 220 500 360 9170 9171 9172 9173 stats-77-41.csv
79 30 140 220 500 360 9180 9181 9182 9183 stats-79-30.csv
49 26 140 220 500 360 9190 9191 9192 9193 stats-49-26.csv
76 56 140 220 500 360 9200 9201 9202 9203 stats-76-56.csv
79 34 140 220 500 360 9210 9211 9212 9213 stats-79-34.csv
9 33 140 220 500 360 9220 9221 9222 9223 stats-9-33.csv
4 57 140 220 500 360 9230 9231 9232 9233 stats-4-57.csv
25 56 140 220 500 360 9240 9241 9242 9243 stats-25-56.csv
6 58 140 220 500 360 9250 9251 9252 9253 stats-6-58.csv
54 11 140 220 500 360 9260 9261 9262 9263 stats-54-11.csv
51 11 140 220 500 360 9270 9271 9272 9273 stats-51-11.csv
13 17 140 220 500 360 9280 9281 9282 9283 stats-13-17.csv
30 3 140 220 500 360 9290 9291 9292 9293 stats-30-3.csv
49 26 140 220 500 360 9300 9301 9302 9303 stats-49-26.csv
15 8 140 220 500 360 9310 9311 9312 9313 stats-15-8.csv
