3 7.5 140 220 500 360 9030 9031 9032 9033 whatif_same_concur/stats-3-7.5.csv
6 7.5 140 220 500 360 9060 9061 9062 9063 whatif_same_concur/stats-6-7.5.csv
9 7.5 140 220 500 360 9090 9091 9092 9093 whatif_same_concur/stats-9-7.5.csv
12 7.5 140 220 500 360 9120 9121 9122 9123 whatif_same_concur/stats-12-7.5.csv
15 7.5 140 220 500 360 9150 9151 9152 9153 whatif_same_concur/stats-15-7.5.csv
18 7.5 140 220 500 360 9180 9181 9182 9183 whatif_same_concur/stats-18-7.5.csv
21 7.5 140 220 500 360 9210 9211 9212 9213 whatif_same_concur/stats-21-7.5.csv
24 7.5 140 220 500 360 9240 9241 9242 9243 whatif_same_concur/stats-24-7.5.csv
27 7.5 140 220 500 360 9270 9271 9272 9273 whatif_same_concur/stats-27-7.5.csv
30 7.5 140 220 500 360 9300 9301 9302 9303 whatif_same_concur/stats-30-7.5.csv
35 7.5 140 220 500 360 9350 9351 9352 9353 whatif_same_concur/stats-35-7.5.csv
40 7.5 140 220 500 360 9400 9401 9402 9403 whatif_same_concur/stats-40-7.5.csv
45 7.5 140 220 500 360 9450 9451 9452 9453 whatif_same_concur/stats-45-7.5.csv
50 7.5 140 220 500 360 9500 9501 9502 9503 whatif_same_concur/stats-50-7.5.csv
55 7.5 140 220 500 360 9550 9551 9552 9553 whatif_same_concur/stats-55-7.5.csv
60 7.5 140 220 500 360 9600 9601 9602 9603 whatif_same_concur/stats-60-7.5.csv
65 7.5 140 220 500 360 9650 9651 9652 9653 whatif_same_concur/stats-65-7.5.csv
70 7.5 140 220 500 360 9700 9701 9702 9703 whatif_same_concur/stats-70-7.5.csv
75 7.5 140 220 500 360 9750 9751 9752 9753 whatif_same_concur/stats-75-7.5.csv
80 7.5 140 220 500 360 9800 9801 9802 9803 whatif_same_concur/stats-80-7.5.csv
85 7.5 140 220 500 360 9850 9851 9852 9853 whatif_same_concur/stats-85-7.5.csv
90 7.5 140 220 500 360 9900 9901 9902 9903 whatif_same_concur/stats-90-7.5.csv
